123456
654321
000000
666666
555555
789456
999999
159753
222222
987654
123321
888888
456789
123654
777777
696969
131313
333333
246810
232323
252525
159357
147258
147852
444444
456123
212121
123789
151515
202020
141414
098765
242424
741852
852456
143143
181818
753951
171717
142536
124578
161616
951753
282828
234567
134679
262626
191919
159951
272727
963852
555666
456456
321654
454545
303030
292929
007007
445566
135790
789789
778899
898989
565656
987456
666999
159159
456852
258456
567890
753159
789123
123457
223344
363636
909090
786786
323232
212224
369369
321321
787878
147147
313131
789654
619619
654123
369852
543210
505050
123987
258963
222333
000001
141516
456321
143444
784512
224466
336699
321456
888999
456654
525252
235689
369258
852963
963258
225588
159632
123465
100000
343434
998877
333666
147369
989898
123455
545454
808080
794613
345678
143445
332211
258258
969696
741258
556677
415263
858585
911911
787898
878787
741963
258852
789987
014789
357159
000007
242526
123450
212223
353535
258369
147741
159263
114477
585858
131415
797979
656565
464646
123459
200000
123458
143637
895623
666777
147963
987987
232425
115599
474747
424242
777888
357951
135246
852852
147896
963963
369963
151617
868686
747474
676767
987321
171819
996633
654987
404040
951357
444555
172839
686868
575757
199215
959595
456987
252627
145236
848484
123451
182182
999666
789852
767676
162534
757575
636363
484848
135791
258000
161718
748596
635241
013579
535353
123698
198888
999888
777999
414141
334455
181920
727272
118118
000666
202122
199412
123567
828282
317537
214214
187187
159874
123700
626262
132456
987123
707070
852369
333444
246800
906090
646464
333999
168168
303677
192837
606060
213213
198918
951159
654654
199313
198900
737373
595959
198700
125125
203040
199413
852258
678910
198800
198500
000999
885522
420247
222555
247247
199312
132435
818181
666333
258741
199315
145632
373737
963369
383838
123546
198600
123412
963741
434343
143341
741741
234234
198719
152535
555999
515151
199512
199314
199115
838383
222444
171989
753357
199212
616161
191989
555556
919191
272829
199216
000006
852741
494949
393939
939393
362436
222111
198720
741236
665544
199016
333777
302010
987789
192021
141993
929292
852123
222888
199214
191991
153426
141992
131990
009988
123258
852654
198912
181990
001234
198000
151991
123467
986532
717171
515515
362514
199000
198522
171990
123369
000009
654789
198919
666555
333888
311311
199999
181989
171987
132465
001987
001100
000333
333222
199400
199017
198911
555888
198819
198521
161992
159852
963214
951951
262728
201987
199612
456258
251988
199116
198989
171986
999000
666888
199513
199213
161990
151993
143441
231989
231985
224488
201314
199012
161989
131993
555777
171991
902100
221989
198712
171993
131994
258147
231986
199414
198622
131989
000777
198917
198916
151989
141989
667788
258789
251989
241989
151987
110011
357357
281990
231987
141988
456838
199300
199211
198818
198718
198621
181988
151992
131992
001989
789632
475869
246824
231990
199117
199111
161987
131995
131988
123445
231992
199311
198820
198200
191990
151990
141987
199015
191988
161991
153624
143443
131991
113355
876543
774411
214365
198400
191987
181991
143446
141990
125478
123454
709394
360360
211987
198222
191985
171988
000012
291993
291991
252526
221986
199222
198812
131987
241987
198620
123890
100001
405060
291987
271991
251991
241986
222324
221987
199200
198722
198711
198585
191986
183461
161986
141991
999333
271993
251987
231988
143442
141985
124124
000002
979797
305305
246812
201989
199411
198300
181987
152207
135792
949494
515253
281989
271992
246890
241993
241990
221985
211988
199511
198721
198323
171992
151994
141994
555444
555333
555222
271990
199210
198914
198623
198611
198520
159963
145145
141986
123852
001986
500000
357753
281994
271986
251986
241991
231994
221991
199510
191992
159487
123678
444888
333555
313326
281987
271989
181994
159123
147123
131986
001985
976431
951236
326435
261993
246801
231984
222777
221992
201986
199112
199011
199010
198612
197900
181992
161994
098098
987410
753753
261992
261989
261988
211989
198717
198424
161988
135135
000013
000011
000005
900000
888555
789963
281992
261990
231993
211986
198923
198619
198523
198510
171985
159456
789520
777666
281993
241988
225566
199610
199217
199123
199119
153759
007700
001984
852147
708090
291989
271994
262632
261991
224455
222999
221993
212212
204060
199611
199018
198706
198412
161993
153153
123963
889900
321987
251990
215487
213456
201988
198910
198423
198422
156156
143256
000008
777333
420000
313313
281991
261987
246246
222666
199100
198915
198822
198618
198411
181993
167943
151988
995511
824655
251992
199415
198686
197800
001988
000555
888666
335577
316316
291992
291988
251995
199121
181986
143440
143123
132132
131985
123400
999111
963210
369147
271987
258654
221984
211992
201985
199500
199321
199225
199025
198817
198816
198716
198511
198100
197777
191984
171983
161995
147789
125678
123345
777555
718293
699669
252600
241995
231991
221988
199600
198922
198920
198723
198705
143214
141982
007008
789521
654456
369874
291995
241985
199306
199205
199113
199019
198908
198787
198321
171995
135799
014344
556644
420666
326598
281985
251993
224422
221990
199223
199114
198810
191994
141984
024680
000888
000003
890890
249999
201994
199292
198913
198806
198617
198605
182838
124356
001992
999777
775533
765432
345345
300000
291990
281988
242528
241994
241984
225522
211994
211991
199515
199410
199310
198512
198225
198123
187211
181985
161984
151985
125689
123555
120000
001983
001982
918273
881988
831831
554433
543216
521521
333000
291986
261994
252500
251985
232526
211993
201992
199228
199125
198811
198703
171984
159789
124563
009900
789321
500500
271985
261985
252527
248248
223322
223311
201995
199421
199420
199419
199325
199110
198808
151986
128128
001994
001991
919293
316497
282930
281995
271995
271988
252530
241992
231995
211990
199520
199514
199118
198905
198555
171994
126126
109876
999555
741953
711711
615243
556655
311993
251984
223366
223223
222000
221995
221994
221983
214143
201993
199319
199318
199316
199219
199126
199106
198907
198707
198519
198502
198312
192530
182530
134567
131984
567567
512512
291982
261986
251982
212529
211984
199393
199122
198928
198927
198909
198903
198807
198610
198525
181984
151984
143244
133113
131420
968574
741147
342435
312312
311989
261984
261983
220022
213141
211985
199423
199323
198821
198421
198310
198226
198224
198111
161982
141995
123666
123579
114433
108108
888777
357911
291985
291984
252625
242524
241983
199424
199422
199418
199417
199408
199226
199203
199103
199022
198710
198324
197600
191993
115115
002526
808808
785612
678678
666000
654312
501501
291994
251994
251979
232629
231982
202526
199516
199494
199324
199224
199206
198613
198325
198322
198026
198011
197979
135795
135789
131983
131416
000018
990099
619916
619316
281986
253000
252222
246813
221982
199613
199522
199328
199208
199129
199108
199020
198925
198824
198410
152526
151983
151980
019283
001990
001981
888333
301987
251983
241996
227567
218218
203203
201991
199521
199519
199322
199305
199218
199124
199013
198921
198805
198729
198713
198223
196969
150000
143448
123478
116116
113322
010012
002200
998899
888000
852000
654852
556699
543211
369741
333111
313233
311990
311988
301992
281984
271984
271980
261995
242527
211980
201990
199105
199027
198924
198715
198420
198419
198282
191995
182528
172530
142529
134134
759153
555000
258025
252528
233223
226688
199527
199524
199523
199425
199416
199014
198826
198815
198725
198517
198508
198124
198025
181983
153246
143447
119911
107107
009009
875421
454647
256256
251980
232528
231983
212324
199528
199407
199326
199308
199230
199209
199202
199128
199109
199107
199104
199102
199021
198929
198904
198902
198827
198813
198724
198704
198627
198608
198425
198210
198125
198012
197700
197300
161985
143567
141996
138138
132526
131996
125874
123452
113113
001979
000786
000069
700000
567891
369123
281982
254254
252900
252700
252524
250000
242628
242530
211995
202529
202528
199507
199426
199329
199317
199229
199101
199030
198702
198624
198518
198507
198403
198220
198080
197500
197400
197346
191817
171981
151996
145263
143456
142525
002002
001980
000024
887766
444666
313354
246855
234561
231980
212526
199130
199029
198999
198906
198814
198615
198505
198503
198418
191982
188888
171982
141983
141981
131421
010010
008008
002233
002100
000017
975310
951623
818283
786110
777111
741991
556656
506070
414428
315315
311992
301993
292529
246789
246135
241982
223355
199595
199505
199427
199405
199330
199005
198926
198730
198666
198626
198609
198606
198604
198515
198405
198402
197666
192939
180000
172528
171980
152525
143135
142434
132529
131517
124567
123888
008800
006900
000014
908070
900900
777222
713713
678901
551986
525525
443322
421421
415415
301985
252729
232527
215215
199525
199518
199456
199207
199090
198828
198825
198728
198709
198701
198607
198601
198212
198126
198027
192528
192526
192000
152529
152524
152025
141980
132530
123333
123212
098890
002528
001975
789000
771991
741369
623623
584520
555111
444777
325325
314314
301988
301986
261981
252522
252400
232525
231981
222426
221996
211982
202520
199530
199428
199403
199221
199220
199199
199120
199007
198809
198804
198803
198714
198524
198506
198427
198383
198306
198211
198023
196666
181995
172525
162526
161996
151995
143777
143000
142528
132531
132528
127127
123589
002525
001993
000021
889988
888889
800800
777000
555551
551992
551989
546546
513513
311991
311985
303303
271983
261982
261980
253100
252529
252523
247365
234432
224236
222526
199502
199327
199307
199304
199191
199026
199023
199002
198930
198708
198629
198326
198319
162527
161821
159654
142527
142526
137137
123569
109109
001978
001200
000143
000015
666222
554466
444333
414243
326326
323323
311986
274539
271996
271982
262529
261979
255255
252628
228822
201984
199003
198777
198408
191983
191981
182529
171996
161820
159369
157359
151981
143888
143666
143555
141979
133133
131982
131413
124589
123444
002529
000027
000023
991989
666420
616263
551990
523252
456963
354313
291996
252325
251996
248655
246891
246802
245245
241981
231978
223456
212530
211983
202202
201982
199712
199710
199625
199623
199320
198801
198726
198628
198514
198311
198221
198024
190000
183729
182527
181996
165165
151979
142523
123580
123489
003300
001996
000016
991992
991991
777444
771990
655321
561992
446688
444222
336633
333221
317317
316619
301989
291983
291979
253025
252728
252423
242529
232532
231997
221981
211996
199526
199506
199404
199402
199303
199302
199204
199028
198901
198765
198731
198509
198444
198320
198219
198207
198127
197929
182531
182526
182008
181982
172529
161980
154154
152530
145623
142522
137955
135798
125634
123564
119119
105105
104104
001995
916916
880088
771992
741000
717273
695847
666444
661988
523523
331994
301990
242525
241980
222223
217217
202120
199622
199227
199008
198603
198602
198530
198528
198501
198484
198028
197730
171817
157953
157157
152008
151982
151978
147110
143247
141618
132527
116688
001974
000028
000026
000019
000004
881990
842655
771989
771988
751953
641987
575859
551993
521985
441988
282528
281983
281980
271981
262526
262524
261996
253545
252825
252800
236236
225225
224433
212521
202530
201980
199517
199429
199006
199001
198829
198788
198625
198616
198526
198428
198426
198227
192527
191979
182525
172737
162636
161983
159630
155555
153351
142531
142530
141512
119900
114411
001800
001300
691992
666422
567482
505505
458458
444999
400000
343536
301994
282529
281996
281979
255225
252510
252000
249900
233233
222525
221997
202527
199401
199333
199131
199024
199009
198727
198404
198205
197000
192525
191980
182007
173173
170000
162530
141978
123999
002524
999998
999991
999990
985632
963321
888444
818818
771993
753214
669966
666123
600000
551994
551991
541988
441990
371991
365365
331133
321000
318318
314159
311987
306090
303132
301991
282527
258123
252532
252521
232428
225577
200008
199503
199501
199430
199406
199201
198802
198630
198614
198401
198302
198206
198120
198005
197911
197878
197828
197711
196900
196700
193746
191975
182523
181979
155155
152528
152152
132333
130000
124680
119922
114455
098123
002500
002300
991985
809809
800000
666665
661992
661986
561990
551985
551984
541987
521990
471991
451986
426624
419419
369303
341987
331984
321990
302302
301984
263732
253253
252925
252520
252425
252100
245678
235235
232530
212528
212325
205205
201983
200007
199696
199508
199504
198513
198415
198318
198010
197928
197812
197355
177155
171979
162525
162524
161514
158158
145678
143333
142006
141997
141518
141312
131619
131417
131400
131314
119988
117117
114114
110022
106106
016016
007123
006969
002516
001972
991994
991987
963123
889977
817817
789012
787899
781987
778877
770077
741085
691989
661991
651988
587846
568923
568300
551988
541236
528528
481993
451988
442244
411411
391989
378378
365214
354354
351987
341988
333456
332233
331992
304304
272531
263737
257257
253012
252512
252200
242522
241997
232529
231996
224224
222530
222528
221979
221972
219219
212004
210000
201981
200006
200002
199614
199608
199605
198855
198830
198823
198430
198416
198122
198112
198102
198022
197922
197532
182520
181981
172004
152030
151618
147895
144000
142857
132525
131979
125896
123432
123234
108642
023023
014785
001977
001973
001905
999444
991988
991199
938271
881992
881989
791346
786123
785412
751994
691988
666111
581994
571993
565758
561993
526526
445544
431987
365412
351989
345543
331993
311994
311420
302525
291981
282530
281981
281978
272529
262527
252531
252513
228899
221980
221977
212300
202531
202010
199301
199127
198831
198417
198413
198307
198303
198103
198029
198001
197712
197628
197530
192531
191976
183183
181976
153015
152531
152527
151821
151516
142532
141620
132123
132007
131518
124689
025896
001976
000022
000010
991986
991984
987412
891989
888222
888111
881994
821995
800008
781992
776655
770880
751989
731991
721994
721990
700007
696900
666669
661989
661987
642653
613613
569874
556688
556556
552005
541991
525600
525254
520025
471988
461989
451991
444455
423423
420024
381990
366366
351993
335599
324324
321993
290000
284655
282531
282524
277227
272523
269269
262528
252828
252626
252300
251981
251975
246888
242531
242007
236589
235711
232523
232426
231323
223300
222422
221975
212426
212421
212327
212321
202021
200005
199626
199409
199031
198932
198527
198308
198201
198110
198106
197909
197811
197676
192006
191977
188118
182005
162006
160000
156789
152532
152515
151719
151413
148635
147456
144144
142314
142142
142005
141523
137946
136136
134625
132523
132513
132005
131980
131978
123453
005005
999222
996699
963147
925925
913913
871987
861992
791989
789510
781989
777778
771994
771987
771986
751990
741992
741456
721989
721721
718718
714714
671989
612345
571988
571987
562562
558855
556611
555559
551995
551987
536536
531994
531531
518518
486255
456213
441992
441987
441986
361990
336336
331988
331987
331986
328328
321988
321789
320000
302529
301301
292527
282526
282525
272525
271979
271977
266266
259259
253300
253011
252536
252424
252008
251997
251800
246879
246811
241977
240000
234589
232423
232232
212007
206206
204204
201979
199711
199700
199624
199615
199509
199431
199345
198955
198631
198429
198333
198329
198327
198309
198209
198121
198020
197512
197411
191997
191978
182006
172527
172526
168888
163163
162531
162529
162528
161979
161977
159987
152000
151619
151615
143700
142214
142008
141977
141514
132313
131418
123210
120012
118811
115566
115511
055555
002532
002007
991993
961992
921986
911991
900009
891988
881986
851992
809829
789951
771984
751991
711993
668899
644835
631989
629629
627846
625625
624624
611993
609609
607080
600600
581991
571990
571989
567894
556678
555123
554455
541990
531991
527527
521992
521989
521987
517517
507507
471990
456000
451990
451989
448866
426426
411992
361993
361992
361988
341990
338899
331331
311984
292532
292528
282522
272527
272524
271997
268425
263739
262530
253200
252929
252629
252533
252426
252252
250025
248650
246897
232524
232519
232324
231979
231977
225544
224477
222532
222524
222522
222520
221978
213546
212525
212427
211981
207207
202325
202123
201996
201978
199619
199617
199529
199309
198516
198504
198409
198406
198304
198203
197829
197825
197728
197630
197328
197312
192524
192522
192519
192019
191996
182524
182004
181980
177177
172533
172522
172007
164164
162522
159623
152533
152523
152522
151977
151974
151500
145698
143823
143525
143420
143245
143007
134652
131981
131618
131427
125698
123690
123645
123469
115500
113344
054321
023456
006006
002499
001700
991990
961988
902101
891987
888899
887788
881987
858687
848586
841989
789999
771995
761988
741986
731987
726372
721992
717717
700700
678912
671991
671986
661990
642642
611611
591992
591989
591987
581990
563214
561995
556633
552200
529529
525452
448844
445522
444456
444422
421986
413413
381994
371990
371988
358358
357896
357412
331995
311982
304050
303058
293031
291980
291978
281974
280000
261976
252623
248625
246850
241978
222527
212523
212412
212112
202525
202428
199728
199609
199004
198529
198456
198305
198216
198101
197907
197830
197821
197801
197012
192007
188188
181997
181977
177777
171977
171920
161824
156324
153486
151976
151915
148148
145300
144114
143222
142356
142003
141624
141614
141415
139139
132613
132546
132524
132519
132413
132400
131813
131516
131312
125412
124816
123411
117711
024024
007009
003003
001971
001453
000187
981990
951985
951847
928928
912912
881984
881188
851995
841992
821993
821992
821991
821990
812812
791990
781986
753698
751996
741990
731992
729729
723723
696933
681988
671987
665566
662006
661981
652652
641994
631992
631990
622622
621989
621987
616616
581993
571992
567123
561996
554321
545545
521988
504504
491987
481994
471987
452452
445445
441989
412412
411994
371994
364636
361987
353637
341993
341992
331990
331989
322332
321992
319319
311996
292827
292530
291997
282532
281976
272528
272522
265265
264352
262522
253018
252930
252920
252829
252727
252725
252516
252511
252323
252225
251314
244342
242008
241976
237237
232628
232535
232521
232300
232006
226699
225599
224444
223345
222327
222221
222007
221976
212527
212520
212225
212111
205080
202524
199812
199800
199722
199630
199621
199616
199231
198756
198531
198228
198181
198104
198019
198004
198003
197722
197721
197626
197612
197412
197319
197222
192023
182533
182532
182000
171997
162004
161981
161976
152007
152004
146146
145200
142004
141974
141814
141723
141617
141521
137900
136913
132535
132532
131613
131520
131300
125436
123486
119955
118899
113456
026026
024689
005500
002535
002533
002211
002010
001500
000025
991995
981989
931989
931986
909909
888881
886886
884488
882008
871992
861988
852951
791988
789741
781990
781978
779977
772007
770770
762378
753852
751988
731731
728728
721985
707707
689689
681989
676869
641990
621988
617617
612612
611992
591994
591991
571991
568568
564321
561987
558899
554411
552288
550055
546213
541995
528437
525412
511989
511511
491989
475107
471989
471984
461993
456545
455455
447788
444445
444111
442200
441993
441991
432100
431989
421993
421990
411989
411986
404404
391993
391991
381993
381992
381991
371986
362362
361989
351992
337337
331991
327327
321984
318830
312531
306306
302528
302524
302030
301995
289289
261997
252922
252630
252622
252610
252514
252006
251976
248600
246852
246531
244224
242024
237426
233456
232531
232123
232007
231456
228228
227227
226226
225533
222529
221922
221622
216216
212326
212122
211979
211978
203020
202521
202326
202324
202006
199718
199618
199607
199601
199293
199088
198931
198899
198586
198567
198431
198214
198208
198109
198008
197919
197826
197610
197575
192529
192008
192005
182122
181922
181921
179317
172531
171821
169169
162800
162533
162007
159258
156354
152634
152500
152123
152006
152005
151718
151522
142520
142500
141975
141721
141619
141520
140000
136900
135711
135642
132000
131977
131975
131422
131326
131322
129129
125463
124512
123741
123578
123420
123231
123211
115533
114499
113388
110099
002800
002522
002255
002244
002005
002004
000029
999988
981992
981991
981988
981987
971983
951478
921990
915915
911411
885588
885566
880880
861986
851988
851987
842867
831991
824650
823823
791987
791984
789630
789551
786000
771177
761984
731988
691987
681993
681990
661996
651991
641992
631993
626626
621991
606606
567765
555550
552255
531988
531987
531985
525456
511990
511988
491985
481991
471986
461994
431995
431985
421985
417417
412135
411991
406406
400400
391987
381987
373839
371992
339933
335566
321996
321994
311983
311978
308308
302522
301996
301982
301980
292533
272534
272532
262523
256987
253017
252999
252820
252666
252614
252499
243546
243243
242624
242622
242536
242425
239239
232345
232311
232005
231976
222534
222427
222233
222211
222002
221422
212345
212222
212221
212123
212008
211915
202532
202420
202030
202005
202002
200001
199991
199810
199628
199627
199602
199555
199531
199245
198315
198314
198218
198217
198119
198013
197925
197912
197827
197608
196800
192533
192324
187666
182522
172536
172535
172523
172123
172022
172006
172005
172000
162000
161978
161920
161819
159236
159000
155115
152518
152436
151997
151823
151623
149149
143831
143246
142537
142307
142200
141718
137950
132213
131721
131621
131522
131428
131425
126578
125521
123777
123466
123410
119966
118833
116677
114488
113399
113300
025025
019890
017017
006007
002700
002530
002521
001907
971993
971985
963456
941994
941990
931987
929496
881993
881903
861989
852046
841986
831988
821986
781993
771983
759486
758595
747747
747400
745896
741988
741789
731984
721991
715715
712712
688688
666667
661994
661984
651992
651990
651986
611990
611989
589589
581985
567326
561991
561986
559559
558822
557799
556600
552233
541985
531986
529766
524524
521993
520000
515051
515000
511993
503503
502502
481988
456879
456231
455445
451993
451992
448899
444000
442442
432156
431994
429429
427427
418418
416416
381989
381381
371995
369636
368368
361991
351991
351988
351351
335533
334433
321989
302530
302527
301977
299299
292526
282535
282008
272533
272530
263263
261978
253425
253333
253014
252910
252888
252819
252810
252730
252519
252505
252226
252007
251978
246822
246642
244341
236987
232728
232500
231975
231623
227722
224456
222519
222226
222225
214563
213123
212535
212425
212228
212005
211997
211311
210021
208208
202004
199817
199723
199629
199620
199604
199331
199299
198877
198688
198687
198204
198198
198129
198117
198021
198007
198006
197999
197927
197924
197831
197820
197819
197810
197806
197719
197620
197555
197510
197272
197200
197100
196600
195195
192523
189189
187420
182426
182023
181978
181923
181821
181716
178178
172521
171922
171820
167167
162532
161719
161412
152536
152003
151820
151819
147890
143243
143111
142425
142100
142007
142000
141728
141522
136969
132428
132122
131998
131974
131820
131513
131319
125800
125690
125212
125000
124536
123556
123213
119933
114466
114422
113377
110000
100005
014014
008009
002600
002531
002527
002006
001199
001144
990990
988889
985432
979899
971989
966966
965874
941987
941986
941985
931993
921989
891992
889889
882288
881991
878889
871990
868788
861993
851993
831993
825825
821989
821985
816816
813813
805805
789100
785214
781985
771977
761991
761943
731994
731985
731982
729264
726352
722435
721988
721986
691995
681986
671993
662266
651989
631991
591995
591990
591988
579579
571983
569569
561989
561982
559911
556622
545556
541993
541989
531996
531990
531989
522522
521991
521984
516516
511987
500600
482482
481987
471994
461990
461986
451995
451994
451451
441994
441984
441980
421994
391990
391985
389389
371989
371987
361361
356356
351990
350350
341991
341989
341986
341985
340000
337799
335588
321986
321985
312532
312529
312131
311995
302526
301983
292535
292531
292516
292006
292005
285285
281977
272830
272526
271975
262712
262525
258888
258012
253614
253512
253500
253119
253110
253030
252921
252830
252822
252711
252613
252535
252534
252506
252410
251999
251515
251500
248624
247742
242523
242518
241979
238238
233391
232906
232627
232520
232505
232000
231998
226622
224499
222325
222244
222122
221822
220088
220033
212534
212532
212524
212006
211977
202328
201976
201420
199900
199898
199797
199727
199715
199234
199045
199033
198866
198755
198745
198654
198384
198328
198213
198128
198115
198107
197930
197926
197823
197822
197808
197804
197713
197531
197511
197506
197503
197433
197308
196999
196300
196200
193755
192421
192020
192004
185185
182930
182535
182318
182121
182022
174174
172532
172008
171615
167349
162328
162162
162003
156651
153264
152415
152103
151827
151815
151311
147532
143734
143224
143211
142814
142533
142514
142414
142026
142009
141630
141627
141623
141527
141525
141510
141425
141314
132813
132326
132006
131528
131419
123786
123695
123468
123357
119977
115577
099999
019910
002517
001970
001969
001967
001900
001133
000444
000055
998855
995544
991981
966996
961990
951986
951456
941984
941983
931994
921991
911995
909192
891994
891993
888887
884422
882006
881995
876876
871986
861990
852898
852789
851994
851990
846846
841994
831994
831989
829829
811811
791993
791991
791985
791982
781991
779988
761993
761990
753869
753210
751986
741994
741993
741989
731996
721993
721987
711989
711986
692000
681985
681984
671992
671988
671984
661985
651995
641995
641986
628628
621984
618920
611995
605040
588588
568363
565600
564564
564335
563563
561988
561983
561979
556612
554554
552211
551155
546321
546123
541992
535535
534534
531992
525444
521314
515069
487487
471995
471992
456159
452000
446655
445588
442266
441996
436743
431988
422422
421992
421991
420187
412563
412365
371984
361986
357900
351986
347347
342342
339966
339339
338833
333123
330033
329329
323211
322322
311981
301976
301973
300003
292524
291977
282533
282523
282007
281975
271978
264356
261975
258046
253120
253016
253008
252812
252811
252715
252612
252552
252509
252316
252310
252211
252005
251717
251700
251436
245680
244244
242629
242535
242533
242242
234523
232811
232533
232406
232332
231999
230000
227799
227636
224400
223622
222829
222428
214241
212705
212628
212519
212516
212329
212312
212310
212230
212103
211976
211921
203050
203031
202627
202533
202522
202425
202125
202026
201997
201403
199828
199724
199716
199707
199703
199606
199603
199444
199266
198990
198988
198588
198407
198330
198316
198301
198229
198202
198113
198088
198069
198018
198015
197923
197910
197906
197902
197813
197809
197805
197705
197631
197611
197474
197422
197382
197111
196400
193728
192532
192230
192125
190019
182829
182534
182519
182118
181975
181925
177117
172524
171978
171975
171921
171823
171822
171418
162616
162523
162520
162425
162345
162021
162008
161725
161723
161617
159147
152400
151998
151822
151514
143544
143449
143431
143258
142535
142323
142126
142111
141900
141819
141812
141720
141508
134256
133333
132713
132426
131997
131972
131920
131822
131819
131423
131407
131311
131304
126789
125890
125687
125200
124421
123587
123424
118855
118822
117788
116911
115522
115000
105010
100008
100007
097531
085085
025879
019860
015963
014520
008899
004200
002523
002518
002012
002008
001619
001421
001412
001400
999123
998800
995599
992299
991982
987741
978978
972002
971992
961991
956956
951995
951991
951989
951988
951987
949596
931992
931985
921994
918918
911993
911988
908908
902010
888855
881985
871995
871993
861987
861985
851986
851985
842650
841991
840840
831984
831983
828384
826826
821996
821981
811992
791986
787787
782005
781995
781983
777123
771985
771982
761982
757677
753421
746746
741593
735713
733733
686686
671983
669900
668866
668800
664422
661993
661983
654837
631995
631988
631982
630000
619000
615615
611994
611987
604604
603603
591984
581989
581988
577777
565456
564669
561994
561985
561984
561981
561234
557788
557755
555566
551982
551551
532532
527462
521000
519519
510000
491995
491986
488488
481995
481990
471993
471985
468468
465465
461992
459459
451200
441983
441981
435435
432432
431992
431991
425425
424344
421995
421984
411988
392817
391992
391986
391982
388388
371985
369125
361985
361982
357852
355355
351995
349349
343343
321991
317704
312528
312456
312217
311331
302532
302523
301981
301979
293036
292007
288288
282520
282006
281808
272518
268456
268268
263210
262829
262007
259772
254900
254100
253417
253121
253118
253031
252919
252621
252537
252427
252422
251998
251974
251919
251900
251625
251414
249955
246895
246369
242729
242724
242612
242534
242224
241972
234456
232729
232522
232518
232429
232003
231723
231564
231426
231325
229229
226633
225500
223399
222930
222425
222228
222005
221322
221310
214789
214412
213243
213211
212930
212629
212531
212313
212100
212009
212000
211972
202023
201975
201918
199721
199713
199709
199704
199702
198991
198889
198455
198414
198105
198081
198016
198014
197982
197908
197901
197888
197708
197707
197622
197609
197533
197373
197310
196804
193193
192506
192426
191974
191920
191420
183927
182808
181929
179346
172518
172172
172130
172003
171969
171825
171718
166166
162507
161911
161728
161716
152630
152519
152331
152327
152010
151728
151721
151720
151627
151624
151600
151523
147000
145896
145214
143625
143269
143187
142800
142539
141998
141969
141928
141921
141822
141530
141519
141412
141400
139713
132900
132829
132533
132522
132328
132324
132113
132008
131973
131725
131627
131424
131409
131408
131369
125512
125250
123658
123619
123521
123477
123344
104070
103210
085213
069069
019870
014725
007788
002400
002266
002000
001600
001515
000147
000098
000077
000031
999900
998998
998866
992003
991979
981982
981981
971990
971984
961996
961989
961986
961985
961982
951852
949600
941989
936936
924924
921985
912345
911986
911983
896523
894523
892007
891995
891984
891983
890098
889966
888168
888123
886699
881888
871991
852460
852159
852085
852013
851991
845620
842600
841993
841990
824824
815815
811993
795130
789523
789512
785785
784596
778800
771996
760000
758758
757757
756756
754321
753369
751987
751985
742742
741985
741983
735735
731986
731980
727727
711992
711990
711988
694694
691993
691990
681994
681992
681428
678900
671994
671985
666661
663311
654320
651984
636636
626835
621992
621990
621621
619123
611988
596596
591985
581987
581986
581984
581983
581982
581979
571985
567899
566566
564789
564123
556689
554422
553322
551980
550550
531993
526341
525411
525354
521986
521977
515050
514514
511992
495969
491990
491984
489489
486486
485485
478965
471981
461987
457812
454567
454546
451996
451987
451983
451982
450450
441995
433433
424424
421989
421988
420840
411990
409409
408408
407407
402010
401401
399399
391988
386386
381995
381984
371993
371983
369000
361984
359359
357123
351996
345789
337733
334334
332332
332288
330011
321995
316420
312525
312524
311979
309309
302520
301997
297297
292525
292523
292521
292518
292000
291970
286286
284650
282928
282800
282519
282005
281997
275275
274274
271976
268455
266226
262729
262726
262535
262521
261977
261971
261626
258036
258013
258011
255555
253600
253400
253219
253129
253125
253122
253020
253001
252931
252917
252915
252912
252789
252722
252616
252541
252504
252501
252418
252315
252130
252123
252121
252030
252025
252020
251600
251525
251313
246969
243444
242816
242510
242124
242005
241998
236248
235678
235623
234789
234678
234578
234569
232723
232611
232536
232517
232456
232430
232411
232410
232407
232327
232310
231971
229922
224248
223388
222609
222523
222518
222504
222123
222006
222004
221314
220077
220000
214619
212921
212728
212721
212630
212533
212518
212419
212320
211314
209209
205020
204050
203010
202628
202429
202426
202320
202223
202128
202126
202025
202024
202008
202007
202001
201973
199911
199725
199719
199706
199678
199577
199356
198977
198869
198776
198678
198556
198386
198317
198283
198277
198255
198230
198215
198108
198017
197977
197921
197731
197507
197444
196500
195900
192900
192535
192425
192224
192030
192029
192022
192009
191411
183456
182629
182517
182324
182126
182002
181998
177345
172300
172222
171998
171974
171973
171968
171917
171700
171513
166116
162627
162521
162519
162023
161925
161923
161827
161826
161825
161822
161722
161721
152800
152534
152521
152427
152325
152311
152215
152015
151975
151626
151512
151505
147159
147120
145541
143233
143200
142630
142511
142300
142113
142001
141973
141927
141821
141719
141703
141626
141608
141428
134213
133456
133331
132628
132536
132521
132323
132321
132312
132013
132003
131828
131629
131626
131526
131452
131412
131324
130013
128612
125612
125487
123753
123520
123499
123443
123312
118888
118247
117799
116611
115588
115544
114400
113129
100010
100009
086086
034034
019930
007006
006699
006600
003344
002324
002003
001966
000089
000065
000034
000030
000020
997799
997755
995522
994499
992006
989796
988988
987543
985985
981993
971991
969969
961981
953751
951992
951983
941988
931991
931982
923923
921993
921992
921988
911989
911982
911000
907907
903903
902902
899889
893389
891986
889989
888990
888822
888800
886622
885885
881977
871994
871981
852012
848688
846900
842684
842659
841987
831995
831143
821988
811994
811991
811989
800900
798465
791994
791355
781988
781984
781982
775599
775577
772006
771980
771100
767767
761989
753123
750000
743743
741995
741987
741321
739739
731990
731981
722722
721984
716716
702702
698745
696996
693693
691986
690069
681991
681983
671982
667766
663366
662662
661199
654842
654322
645645
642000
635472
624153
621994
621986
618618
609060
591986
582582
571994
571986
571982
565632
564231
562663
557733
556654
555678
555667
555554
555500
551981
547896
543543
540000
537369
532663
525455
525414
525400
512007
511995
511986
501505
491993
491991
491977
481986
471983
461995
461984
461983
458963
457896
454566
452100
450000
441982
441441
421987
412369
412294
411983
410000
406610
405405
379379
369246
361995
361994
352352
351994
350000
341341
336933
336647
332244
331997
331400
330000
323334
317718
313333
312527
311997
311980
311525
302798
287287
282004
281998
281905
278278
277277
272513
272007
272005
271972
271971
270000
268426
267267
262926
262532
262326
261998
261419
258951
258900
253912
253636
253232
253222
253211
253131
253126
253123
253117
253116
253029
253028
253027
253010
252712
252611
252588
252566
252550
252518
252517
252515
252429
252327
252326
252324
252125
252111
252018
251977
251973
251970
251969
251968
251830
251818
251425
246899
243024
242728
242537
242532
242521
242414
242410
242211
241975
241973
241901
241627
234566
233023
232923
232829
232427
232413
232125
232004
232002
230023
228888
226644
222627
222008
221974
221973
221809
221722
221417
220011
216969
213121
213100
212808
212429
212330
212328
212316
212233
212227
212113
212109
202517
202515
202511
202427
202327
202227
202224
202009
202000
201971
201920
200009
199823
199809
199729
199720
199705
199666
199588
199477
199287
199255
198993
198969
198944
198886
198655
198644
198533
198488
198345
198288
198118
198030
197913
197905
197904
197903
197824
197818
197802
197729
197710
197633
197604
197455
197430
197401
197333
197325
197235
197135
197124
196868
196640
195555
192511
192500
192227
192203
192026
192024
192001
191999
191918
191911
191711
191611
191427
191319
182521
182508
182425
182400
182326
182325
182021
181973
181928
181924
181823
181816
181808
181804
179179
178239
172511
172417
172230
172122
172100
171925
165432
164325
163016
162828
162729
162538
162412
162226
162216
162005
161967
161829
161828
161724
161312
159876
159741
159515
156423
154321
153462
152830
152603
152520
152510
152463
152425
152406
152228
152223
152130
152122
152023
152022
151973
151925
151923
151922
151715
151622
151621
151620
151611
151608
151530
151525
151520
151510
151416
151412
147856
147200
142519
142518
142516
142430
142328
142288
142223
142222
142128
142124
142014
141976
141920
141828
141826
141823
141712
141628
141622
141589
141529
137982
135797
135796
135679
135678
135531
133100
132520
132303
132231
132228
132129
132124
132100
132028
131719
131718
131622
131527
131456
131411
128900
128812
128500
128000
127812
126000
125325
124817
124569
123900
123422
123421
123245
120021
118800
116699
115400
115011
113366
113311
110088
104010
103301
089089
088880
080000
066666
019840
018000
015987
009966
007911
007777
007143
002900
002519
002468
002323
001997
001968
001819
001418
001000
000099
999996
999911
989989
987852
981994
981986
979901
971994
963654
961984
941991
931988
931980
927927
921987
921921
919919
902105
897897
891990
891707
888886
888866
882255
882004
881688
872005
871989
871984
861994
858280
854712
851989
841995
841988
828486
814814
811995
811980
795135
791992
791350
789878
785236
784569
782006
778878
777776
777771
772525
771981
771771
771234
766766
765765
761992
761985
761349
759684
753456
751997
751993
751992
751982
747576
742766
742369
741982
735513
732317
731995
725725
721995
707172
697769
696963
691981
671990
671981
671979
669933
666655
654258
651996
651987
651980
651651
650000
646566
642531
641989
636261
632632
631986
628400
621996
621962
601601
591980
590000
585585
581995
581992
575758
571995
571979
568377
567432
567374
562000
558800
555553
555321
552000
551977
551055
550000
547789
543678
537743
531984
525488
525200
522543
522525
522222
515123
512345
512000
511991
510152
505020
500005
491992
491988
486684
486248
481989
480000
474849
471996
461991
461980
451985
451984
451977
451236
444546
442004
441166
440044
435363
431993
431977
426153
421983
391981
390390
383940
381985
361983
360000
352545
351985
341994
341977
337788
336655
334567
334477
332333
332313
332255
331985
331980
321983
321978
321976
321678
321478
312535
312526
312517
311975
307307
302008
295295
293949
291974
282538
282534
282521
282515
281973
281428
281311
277777
273632
272536
272521
272519
272515
272272
271969
270027
264357
264264
263900
262900
262824
262700
262534
262518
262514
262006
258800
256341
253434
253316
253113
253112
253111
252928
252926
252911
252905
252831
252823
252821
252816
252777
252678
252624
252618
252599
252555
252539
252428
252417
252321
252215
252213
252099
252012
252010
252009
251925
251827
251822
251819
251407
251311
246853
246851
246819
245689
244345
242930
242911
242627
242513
242500
242469
242450
242400
242006
241974
235523
232823
232700
232623
232600
232514
232356
232321
232314
232008
232001
231900
231313
229988
228855
228722
225555
224567
224428
222730
222728
222722
222536
222514
222456
222329
222326
222322
222306
222224
222220
222205
221999
221530
221522
221313
221309
220099
214100
214000
212830
212829
212802
212522
212515
212506
212400
212234
212133
212131
212110
212021
211517
211429
211308
203011
202729
202523
202303
202226
202200
202129
202124
202121
202022
201974
201518
201301
200020
200003
199923
199826
199820
199726
199701
199645
199631
199599
199496
199495
199478
199432
199399
199395
199377
199277
199256
199155
199089
198986
198976
198956
198887
198833
198793
198677
198632
198566
198564
198486
198116
198114
198075
198031
198002
197915
197914
197807
197803
197725
197715
197627
197614
197522
197520
197505
197456
197426
197415
197410
197408
197327
197234
197211
197108
197070
197036
197011
196823
196767
196100
196000
192521
192323
192106
192003
192002
191998
191973
191910
191619
191612
191519
187213
187000
184184
183792
182736
182730
182518
182411
182130
182128
182127
182107
182100
182030
182024
182003
181999
181974
181966
181930
181918
181828
181800
181518
179355
172804
172534
172517
172508
172500
172127
172125
172028
171976
171972
171927
171800
171512
171411
171317
169961
163012
162536
162515
162509
162508
162428
162325
162024
162009
162002
161998
161997
161974
161969
161921
161816
161729
161618
161612
159870
159756
159678
158963
154236
153957
152707
152538
152417
152369
152315
152310
152303
152301
152300
152124
151971
151903
151630
151625
151524
151521
151415
146914
146900
145836
145000
143999
143808
143737
143526
143344
143342
143216
143144
143112
143014
143012
142708
142700
142534
142521
142503
142404
142325
142324
142321
142123
142114
142010
142002
141999
141925
141923
141724
141722
141517
141422
139755
137731
133144
132610
132534
132508
132412
132227
132216
132025
132001
131921
131913
131727
131630
131625
131615
131600
131529
131488
131430
129999
129812
128912
128412
127845
125643
125500
124579
124456
123415
123405
123214
118877
117733
113579
113120
085236
085200
083210
077077
055055
025800
019940
019830
019019
010000
009891
007666
007619
005522
004400
003200
002424
002288
001964
001955
001925
001723
001530
001525
001478
001313
001188
000789
000088
000056
999992
996688
995577
992525
992211
988888
981985
977779
971988
971971
969798
965965
961993
961983
961979
954954
954321
952006
951990
951982
950000
939495
931990
931981
929929
921995
917917
914914
911999
911994
911990
911987
911985
911984
909009
899999
899899
892892
892004
892003
889911
886988
882882
882266
881982
881981
861991
854321
852753
852465
852014
850850
845845
842685
841980
831992
822822
822222
821987
821982
811996
811988
800500
798798
789451
789101
788888
787980
787879
785623
784533
783836
778866
777007
775522
773311
771979
766253
765567
761996
759759
753654
750750
731989
731983
726835
723235
721982
719719
711995
711994
711987
710000
696696
691983
691980
681979
679679
678876
666789
666187
665522
663663
663363
663300
661995
660066
658658
655556
647647
641991
632541
632000
631977
627462
622006
621993
621983
621981
619007
614614
611986
611984
606162
598598
589632
587587
586586
580000
571981
567812
565678
562389
556632
556628
555588
552552
551978
551976
546456
545426
542000
541972
531995
531975
525487
525422
512500
511997
511984
511982
491983
488888
486213
484950
481985
478963
478478
476476
471997
469469
462300
461988
461985
461973
461461
461352
456888
456741
454585
454522
452145
451278
451234
448448
446644
446446
443500
443355
442233
442211
441985
441144
436464
431990
431984
428428
425587
425262
421996
420169
417664
411995
404142
400004
391995
383383
381983
369987
369121
363363
361980
361972
351976
351321
346346
345612
342436
342000
339911
338800
336600
333336
333331
331983
331981
331975
326159
325698
313500
312534
312530
312521
312520
312123
312111
312000
311976
311593
303630
303010
302533
301998
299999
292534
292522
292008
292004
291976
291975
288888
288012
282820
282511
279279
276653
273296
272639
272537
272535
272520
272511
272006
271327
266859
263333
262826
262721
262710
262536
262533
262531
262520
262513
262262
258987
256633
256325
254789
253947
253800
253625
253535
253529
253525
253418
253412
253311
253213
253108
253022
253021
253019
252913
252827
252824
252815
252809
252731
252723
252708
252688
252620
252607
252544
252507
252413
252412
252329
252311
252307
252303
252221
252031
251920
251912
251911
251725
251508
251327
251300
248888
247777
246875
246857
245512
243567
243553
242829
242703
242631
242630
242514
242507
242488
242456
242408
242324
241800
241724
241618
241424
241410
241324
239637
238610
235612
234156
233345
232513
232510
232506
232408
232404
232369
232355
232326
232325
232303
232233
231974
231973
231700
231520
231519
231509
231406
229911
227922
227788
226655
225800
224688
224411
223242
223105
223022
222630
222537
222531
222517
222412
222110
221971
221969
221527
221425
221412
221406
220055
215000
213187
213000
212612
212537
212512
212415
212410
212409
212322
212318
212307
212229
212125
212124
212107
211999
211975
211971
211821
211705
211415
202903
202728
202612
202535
202416
202225
202127
202117
201816
201520
201516
201428
201320
199922
199910
199888
199827
199825
199815
199802
199493
199382
199365
199357
199355
199295
199269
199233
199188
199133
199094
199032
198992
198987
198985
198882
198856
198834
198799
198791
198769
198754
198733
198684
198658
198587
198569
198374
198331
198285
198256
198182
198082
197988
197980
197920
197918
197917
197916
197815
197779
197704
197632
197629
197625
197605
197601
197577
197501
197475
197431
197425
197419
197417
197406
197403
197350
197323
197311
197197
197171
197010
196869
196810
196565
196425
196412
195700
192821
192819
192614
192536
192534
192516
192430
192427
192327
192168
192128
192124
192119
192025
191900
191521
191511
191400
191321
188100
183791
182800
182607
182600
182430
182410
182312
182306
182305
182219
182218
182214
182212
182101
182026
182025
181968
181926
181888
181718
181530
181422
181416
178900
175175
172930
172900
172730
172538
172426
172408
172328
172317
172126
172119
172111
172023
172021
172017
171966
171911
171900
171830
171828
171824
171703
171421
171417
168861
164352
163425
162808
162511
162329
162327
162326
162316
162305
162207
162200
162131
162128
162124
162116
161973
161972
161916
161912
161900
161812
161727
161620
161614
159875
159321
158200
157751
156234
156000
154263
154123
153258
153045
153031
152923
152730
152537
152517
152516
152508
152504
152328
152306
152226
152225
152206
152128
152102
152031
152026
152021
152009
152002
151921
151920
151811
151708
151612
151526
151518
151315
151312
149200
148000
147777
146969
145353
143619
143288
142902
142820
142714
142711
142709
142619
142508
142426
142416
142209
142130
141968
141831
141830
141824
141800
141725
141700
141621
141611
141603
141526
141511
141477
141424
141407
141402
139000
138000
136912
136813
136479
133166
133124
133010
133007
132908
132817
132800
132710
132707
132703
132538
132537
132506
132425
132424
132345
132329
132314
132304
132206
132127
132020
132012
132002
131976
131923
131726
131724
131711
131617
131530
131525
131523
131521
131392
131325
131307
131306
131303
129012
128888
127900
127800
126969
126543
125555
124568
123951
123911
123636
123623
123568
123433
123409
123246
123221
119211
117700
117118
114141
113211
110077
110054
110033
109010
108888
108000
106000
100006
099990
089162
088008
085258
085246
080080
036987
028028
025874
025613
024865
015015
014563
005566
005009
004004
003388
003322
003007
002629
002515
002121
002009
001998
001963
001919
001506
001422
001405
001316
001256
001236
001147
000456
000369
000258
000168
000075
000073
000042
998811
991980
991977
991100
990066
989900
989899
987963
987612
986663
981983
975311
973973
971995
971987
971986
970970
969594
965210
963215
963000
959697
951258
951000
941993
941992
941975
936451
931995
921984
917382
916619
911992
910000
908090
902109
902102
901090
892311
891991
891985
891891
889411
888910
888880
888588
887799
886644
882535
882233
882007
882001
881996
881983
881979
881973
879546
872007
872006
871976
870145
858789
856856
852600
851984
846255
842842
841985
841984
838888
838400
833833
831138
821984
821980
811990
811986
799799
798520
792006
789652
789562
789555
789452
789258
787800
784523
783552
781996
781994
778778
777721
776677
774477
773630
772772
772277
771717
761994
761987
761983
761000
751995
748159
743362
741981
741753
741235
741200
740000
737526
732738
731946
729183
726726
721983
718191
714155
713281
711985
711984
711983
701701
698888
698698
696988
691985
691691
690000
687687
672526
668668
666007
662528
662244
661982
661966
660000
655655
651994
651993
651985
651981
645312
643643
641988
639639
635766
633663
633633
631996
631985
631980
605605
595595
592000
591983
591981
591979
591591
582006
581996
581978
574100
573114
571632
569823
568359
568321
565623
564897
563412
562532
560000
559955
558877
556666
556623
555544
555522
553377
552525
551998
551996
551983
551000
547900
546789
543333
543215
541996
541986
541981
540540
537663
537422
536643
533333
531983
531982
531981
531642
531000
530000
525469
525443
525421
525250
522552
521996
521995
521983
520999
520184
513131
512346
511994
511977
508508
506506
491979
486426
484484
482448
472235
471982
458888
456897
454565
454525
453900
453210
451600
446600
445577
445533
443211
442662
442100
441977
432867
432148
432111
431983
422442
422007
421982
421979
420690
420365
413121
412356
411996
411993
411985
411900
400500
390000
384384
382006
381981
380380
375375
373373
371982
371980
369999
369619
369248
357456
352006
351984
351983
351982
351979
351970
344334
341982
341976
336677
335522
334499
334466
334411
333435
332007
332005
332003
331996
331977
328888
326456
323216
322426
321564
321232
321100
314038
313339
312700
312533
312523
312522
312519
312005
311307
311300
302512
301978
301930
301330
299229
292829
292623
292520
292519
291972
289100
288882
285002
285000
284284
283283
283100
282910
282518
282517
282003
282000
281999
281828
274262
272910
272711
272222
272008
271998
271974
271906
268926
266543
263007
263000
262630
262611
262600
262538
262516
262003
261974
261972
261963
261726
261412
261326
260000
258965
258525
258460
256000
254300
253816
253712
253700
253515
253426
253322
253321
253317
253312
253218
253212
253128
253007
252988
252914
252826
252817
252814
252808
252719
252707
252617
252603
252602
252589
252548
252503
252421
252415
252414
252411
252408
252407
252404
252320
252313
252299
252230
252223
252219
252218
252208
252112
252103
252028
252011
252002
251930
251914
251913
251825
251823
251812
251777
251630
251599
251512
251505
251400
249249
248613
247478
246809
246123
245789
244824
243131
242927
242800
242625
242607
242600
242590
242517
242511
242411
242406
242212
242004
242002
241802
241600
241515
241500
241420
241311
241308
241307
236789
236523
235789
234323
233333
233211
232930
232810
232615
232607
232515
232512
232424
232344
232333
232329
232312
232305
232301
232143
232122
231972
231968
231966
231826
231627
231607
231523
231516
231503
231423
231417
231416
231415
229000
228622
226922
226677
226452
225622
225525
224424
223222
223004
222927
222535
222513
222506
222430
222408
222345
222328
222311
222229
222121
222107
221998
221968
221910
221823
221627
221614
221525
221508
221400
221311
221306
219900
218900
214578
214567
213721
213619
212911
212805
212701
212627
212616
212610
212540
212536
212510
212430
212423
212416
212401
212319
212309
212303
212211
212206
212128
212012
211969
211965
211721
211525
211521
211514
211478
210012
205120
204080
203060
202900
202820
202709
202618
202611
202500
202431
202313
202312
202229
202222
202220
202211
202118
202106
202028
202015
202013
202012
202011
201913
201810
201456
200015
200004
199908
199906
199807
199806
199568
199567
199455
199296
199288
199236
199235
199193
199169
199161
199093
199077
199066
198998
198786
198757
198741
198689
198685
198675
198647
198599
198491
198485
198477
198469
198466
198452
198313
198292
198130
197882
197799
197723
197720
197702
197619
197603
197576
197523
197521
197515
197513
197509
197504
197428
197405
197388
197352
197329
197324
197321
197219
197208
197110
197023
197019
197008
196877
196821
196812
196710
196464
196321
196111
195800
195000
193019
192700
192517
192401
192326
192300
192226
192223
192206
192123
192122
192113
192103
192088
191972
191924
191923
191621
191418
188199
182906
182900
182729
182722
182627
182619
182514
182510
182507
182506
182429
182423
182422
182345
182328
182281
182129
182123
182111
182029
181900
181824
181819
181812
179328
176176
172829
172628
172519
172430
172428
172400
172327
172326
172117
172030
171929
171811
171805
171707
171526
171415
171403
171325
167761
166666
163452
162988
162922
162919
162905
162823
162810
162730
162726
162629
162603
162535
162512
162427
162410
162408
162318
162230
162123
162114
162028
162025
162022
161975
161929
161928
161830
161823
161808
161800
161730
161704
159512
159158
158900
157900
157842
156321
155100
153121
153000
152831
152822
152811
152803
152801
152789
152731
152705
152615
152505
152501
152329
152224
152121
152027
152024
152020
152017
152013
152001
151928
151927
151900
151830
151828
151824
151802
151800
151730
151726
151723
151700
151602
151502
151310
147899
146789
145689
143900
143789
143786
143652
143597
143234
143221
143220
143215
143125
143114
143108
143100
143022
143020
142900
142829
142822
142819
142818
142808
142678
142600
142427
142423
142400
142319
142310
142309
142304
142228
142110
142105
142028
142022
141924
141827
141727
141710
141610
141528
141500
141491
141427
141426
141421
141413
139746
137952
137951
137913
137713
135793
135000
134579
133131
133129
133108
132629
132619
132614
132518
132517
132510
132421
132414
132331
132327
132217
132212
132209
132126
132026
132010
131929
131924
131905
131823
131818
131807
131804
131728
131713
131607
131515
131510
131509
131504
131469
131414
131410
131404
131403
131366
131333
131323
131320
131310
127890
127777
127712
125789
125400
125232
125126
125012
123699
123689
123612
123586
123582
123548
123498
123490
123488
123434
119711
119111
118866
118500
117811
116600
115515
115200
115112
114789
113800
113411
110066
105090
100002
090090
088888
086420
070000
068068
056789
044044
035412
025789
025250
019920
019850
015321
015310
014140
009911
009876
008888
008007
007420
007000
003377
003005
003004
003002
002929
002626
002580
002536
002534
002514
002513
002511
002369
002117
002020
001923
001903
001828
001718
001408
001245
001155
001136
000987
000852
000357
000182
000071
000051
000032
999995
999897
996655
996611
995995
993399
993366
992526
992004
992000
991978
991155
990088
990011
990000
987655
985623
981984
980980
980000
972214
971982
971972
961994
955955
955555
952005
951997
951993
951979
951321
943943
941981
937937
933933
932222
932002
926926
919999
919599
917346
912007
909000
896896
891968
889944
888812
888811
886688
885533
883322
882525
882388
882211
882005
881310
881288
879456
877778
871988
865865
862400
862004
861995
861979
858890
856321
854854
852585
852321
852003
852002
851997
848426
846250
846035
842679
842100
842000
841983
841982
838838
832666
831990
831987
828828
826455
826372
821994
821821
819819
816805
812000
808488
808182
800200
794685
789567
789563
789546
789120
788788
788778
787500
786687
784500
782003
782000
781245
780780
778777
778083
777799
777712
776977
776969
773773
773377
771997
765000
762500
761995
761978
761311
755755
753963
751984
748748
746323
744547
742632
742003
739182
737446
734734
733337
731979
724724
712005
711982
699699
695683
691994
691982
681987
681232
673673
671995
671424
669696
667426
666247
666013
665588
663322
662200
662003
662002
661997
661976
661971
661970
656545
656463
654951
652341
652002
652000
651982
651978
651900
650650
645321
642536
641993
641985
641984
641982
641980
641979
640000
632145
632100
631994
629092
627487
626200
623000
621999
621985
621977
621311
619214
612005
612000
611983
611980
607607
592001
588888
586467
585426
584584
584521
582007
581581
579111
578578
571984
571972
568333
568311
566666
565657
565654
562455
562314
561561
557766
556687
555913
555789
555558
555552
554488
553366
553344
553311
552523
552266
552222
552001
551997
551970
551199
550044
543221
543217
543212
542542
541994
541983
541979
541541
541200
536697
535455
528000
526000
525475
525432
525415
525356
525225
524163
522008
521994
521980
521478
521400
519000
515013
512001
511996
511985
511980
505152
504050
492525
492005
492004
490490
490000
489640
488448
481992
481984
481978
481977
481516
477447
475475
471977
464464
462462
461996
461977
456982
456951
456200
455667
455555
454645
454554
454512
454262
452369
451520
451263
448800
447722
445599
445567
444411
443399
442525
442288
442144
441976
440440
434241
431982
431431
426800
423000
422000
420699
415510
415200
414414
414344
413500
412345
411987
411911
391983
381988
378222
372466
372372
371978
370750
369654
369007
364656
363738
362534
361996
361981
352416
351352
350400
345876
345689
345123
344344
343400
342434
341996
341980
339273
338300
338133
337246
336900
336766
333334
332200
332133
331982
331533
331188
331100
330333
328823
327426
323632
323456
322532
322007
321982
321549
321432
321147
314151
313800
312703
312538
312507
312345
312231
312007
312004
311998
311977
311911
310000
305503
304152
303622
303028
302930
302711
302537
302531
302521
302519
302200
302116
302006
301999
301975
301971
301526
300200
299202
291998
291973
291971
291969
291968
284628
283848
283328
283027
282811
282810
282728
282726
282722
282536
282512
282509
282321
282282
282210
282028
281824
281522
281417
281330
276900
275700
275363
273273
272930
272812
272719
272517
272514
272510
272419
272311
272205
272110
272004
272003
271968
271805
271427
268888
268400
264500
264326
263118
262930
262929
262830
262810
262730
262714
262705
262627
262517
262144
262100
262014
262008
262001
262000
261973
261428
261320
258808
258753
256900
256314
255252
255075
255050
254805
254256
253811
253647
253430
253325
253314
253313
253224
253217
253215
253210
253127
253107
253103
253099
252972
252927
252916
252906
252806
252805
252802
252799
252788
252724
252717
252703
252677
252609
252608
252605
252565
252545
252481
252473
252456
252416
252378
252322
252314
252279
252233
252229
252216
252212
252129
252126
252122
252027
252022
252021
252003
251967
251965
251917
251815
251718
251711
251709
251689
251644
251620
251614
251608
251522
251518
251517
251430
251418
251404
248842
247143
246893
246877
246859
246837
246424
243014
243000
242915
242910
242838
242826
242825
242824
242818
242812
242810
242809
242620
242619
242539
242520
242519
242516
242455
242426
242415
242413
242404
242210
242114
242077
242001
241807
241716
241516
241314
241300
238956
238524
238000
236699
236000
235489
234509
234500
233332
233212
233132
232931
232922
232910
232904
232825
232816
232801
232610
232608
232537
232511
232509
232431
232421
232385
232377
232221
232128
232117
232114
231970
231824
231716
231711
231703
231702
231609
231529
231501
231500
231410
231405
231403
231306
228422
227743
227462
226969
226000
225511
224545
223800
223600
223333
223126
223123
223021
222956
222928
222923
222806
222711
222622
222516
222515
222507
222410
222341
222330
222318
222313
222302
222266
222210
222119
222102
222100
222022
222003
221970
221908
221523
221518
221514
221316
220044
217500
217411
217100
215930
214587
214326
213124
213012
212923
212828
212803
212730
212729
212623
212618
212545
212517
212513
212511
212503
212428
212420
212315
212306
212215
212214
212208
212207
212200
212019
212001
211959
211808
211621
211400
211389
211321
204020
203106
203036
203030
203017
202930
202901
202720
202626
202620
202519
202516
202424
202412
202406
202213
202212
202203
202099
202040
202018
201900
201713
201512
201505
201425
201422
201413
201330
201317
201313
201307
200021
199992
199856
199819
199818
199811
199714
199708
199698
199654
199597
199569
199534
199497
199489
199469
199437
199434
199366
199332
199265
199168
199166
199092
199091
199078
198933
198892
198841
198789
198778
198766
198752
198735
198734
198699
198673
198669
198581
198544
198541
198487
198482
198454
198369
198299
198263
198257
198237
198155
198084
197983
197969
197816
197727
197718
197717
197716
197706
197688
197613
197606
197529
197526
197518
197514
197508
197502
197421
197413
197326
197320
197316
197306
197213
197212
197207
197118
197112
197104
197102
197021
197001
196911
196909
196826
196818
196811
196802
196443
196025
195858
195400
195300
194900
194444
193750
192930
192907
192728
192716
192707
192624
192537
192518
192515
192429
192400
192345
192328
192307
192305
192225
192222
192214
192204
192192
192116
192100
191969
191968
191966
191928
191922
191812
191715
191522
191419
191324
190005
188881
187777
187500
186000
184200
183218
182823
182818
182810
182807
182728
182723
182666
182630
182622
182536
182512
182511
182431
182418
182415
182404
182303
182226
182225
182224
182223
182207
182203
182125
182106
182027
182019
181970
181963
181912
181829
181629
181627
181623
181618
181606
181516
181512
175000
172808
172722
172717
172611
172605
172520
172505
172503
172406
172330
172324
172323
172308
172217
172210
172120
172027
172026
172025
172013
172011
172001
171960
171945
171926
171924
171915
171810
171801
171729
171722
171712
171614
171610
171523
171520
171425
171419
171402
170017
168899
163200
163000
162830
162821
162721
162620
162601
162518
162424
162422
162324
162311
162310
162308
162307
162306
162300
162228
162224
162223
162212
162204
162203
162201
162119
162100
162030
162016
162013
161950
161904
161803
161711
161600
161516
160016
159999
159863
159847
159800
159200
159026
158400
156987
156456
155632
155171
155000
154215
153200
153123
153112
153060
153030
153021
152900
152829
152802
152708
152703
152637
152627
152610
152512
152502
152490
152489
152478
152426
152419
152412
152230
152129
152127
152115
152105
152100
151999
151972
151966
151912
151906
151904
151892
151724
151628
151610
151607
151519
151513
151503
151411
151320
148888
148611
148563
147987
147862
147854
147753
145879
145466
145302
145252
143817
143800
143769
143718
143714
143610
143524
143433
143369
143299
143242
143241
143227
143225
143147
143132
143101
143028
143001
142912
142830
142827
142812
142809
142806
142802
142730
142607
142606
142605
142515
142513
142507
142502
142486
142438
142428
142422
142405
142389
142311
142241
142227
142226
142224
142218
142203
142125
142108
142106
142101
142069
142027
142016
141966
141930
141926
141922
141910
141907
141888
141825
141805
141616
141502
141456
141417
141411
141300
138200
137958
136911
136888
136666
135890
135800
135624
135579
135555
135420
134689
134131
134000
133126
133117
133030
132907
132810
132808
132701
132700
132654
132630
132627
132621
132580
132514
132505
132502
132458
132433
132427
132390
132388
132330
132325
132316
132310
132305
132229
132222
132204
132200
132133
132125
132107
132103
132015
132011
131971
131966
131963
131917
131916
131908
131889
131826
131821
131812
131722
131707
131703
131628
131620
131519
131426
131405
131331
131318
131317
131308
131302
130031
129200
129141
128065
127516
127000
125863
125846
125785
125699
125685
125632
125623
125606
125600
125566
125467
125145
124800
124700
124566
124500
124125
124000
123912
123600
123566
123505
123494
123446
123441
123423
123418
123414
123404
123322
123300
123256
123215
123200
120013
119944
119011
118900
117600
116900
116633
116500
115911
115211
114444
113626
113511
113333
113245
113124
113107
113105
113104
109012
108800
108010
107777
106969
105501
105214
105020
104800
104512
103710
103622
085640
085231
056056
050050
045123
038813
033333
027702
025959
025852
025846
024685
020060
019950
018018
009800
008900
008855
007300
007172
005683
005533
003112
003095
002830
002345
002299
002134
001965
001960
001929
001924
001920
001906
001821
001818
001616
001527
001517
001469
001425
001414
001314
001308
001233
001177
001166
001140
001131
000191
000092
000085
000076
000061
997788
997711
995533
992599
992009
992005
991999
991996
991983
991972
989100
988998
987520
987432
985236
985210
982007
982003
981997
981996
981976
980800
979979
979801
977777
976976
972000
969801
963256
963211
962001
961995
961987
961976
961961
959699
957957
952952
952003
951994
951984
951963
951654
945945
945766
943761
941998
941982
939999
939699
933993
931983
930000
923000
922222
921996
921980
921957
912100
911997
911520
911200
911163
909012
908765
905905
901290
900990
900800
898900
898898
897564
895612
892002
891972
891189
890567
889888
888884
888828
888824
888808
888520
887755
885288
884455
884411
884057
882711
882003
881976
881974
881902
878900
875875
873200
873005
872810
872004
862485
862455
862111
862038
862005
862002
861982
861981
861977
860000
857857
856545
855885
854123
852007
851996
851983
851978
851976
843843
842002
841996
837837
835055
834834
831981
827827
826300
824100
822003
822000
820000
811977
811881
810000
807807
805020
803803
792533
791997
791980
791979
789159
788966
787900
787890
787845
785421
785123
785111
781997
781977
777879
777788
777775
777755
776776
776699
774900
774774
774433
774422
773312
772535
772529
772255
772200
772008
771998
769262
765321
761986
761981
757777
751979
742002
742001
741996
741979
741825
739999
739900
735115
732732
731993
731955
725000
723456
722772
721980
721000
712900
712526
712009
711996
711980
711771
711722
708708
707610
707200
706168
700012
698869
697989
697697
696977
696911
696369
694569
694269
693000
692530
692004
691984
691169
689121
681995
681974
680000
678123
677677
672527
672000
669669
668844
667799
667755
667625
666699
666678
666663
666137
666076
665599
665577
664466
664455
664411
663399
661978
661166
661100
660660
656656
654000
653421
652006
651998
651983
651979
642539
641981
635639
633333
631997
631981
631978
631631
628578
623598
621995
621982
621976
619911
619666
619420
618816
612001
611991
611985
611818
602602
600800
600100
599999
595857
595653
592532
592006
584722
584712
584512
582465
582426
581981
577577
575800
572007
571977
571200
568425
568369
568301
567000
566556
565800
565612
564738
563700
562662
562310
562123
562006
562002
559900
556955
556789
556610
556464
555557
555432
554807
553553
552533
552524
552400
552299
551100
550864
548548
547547
545654
543800
542532
541982
541245
540900
538538
537543
535251
528736
527666
527646
525830
525489
525466
525408
525300
525212
524862
523800
523698
523325
521997
520477
516888
515555
514236
512800
512130
505850
505501
504030
504011
500100
500001
495495
495051
491994
491966
486250
486123
486000
481982
481100
478569
472535
472005
472000
471471
471330
470470
465666
462900
462855
462000
461997
461982
461626
460000
458900
457457
456978
456823
456369
455565
455454
454578
454569
454345
453600
452397
452345
452004
451979
451976
451245
449911
447799
447744
447711
446677
446622
445511
445500
444469
444446
444443
444123
443443
442522
441997
441979
441600
441133
441100
436436
435362
432165
432001
432000
431997
431986
431979
431585
431314
431256
431200
430500
427726
426855
426759
424200
424005
421998
421169
420777
420143
419523
415236
412532
412515
412300
411998
411980
411800
403020
402060
398398
392392
392007
391994
391984
389100
388888
386423
382563
382533
381986
381973
377777
372100
371996
371977
371969
371371
369800
369789
369159
369120
367367
364800
363077
362236
362200
362000
359862
359157
358853
357689
357000
356746
356123
353805
352504
352463
352222
352007
351981
351977
351957
351500
351426
349761
348348
343638
342535
342516
342008
341984
341983
341979
341700
339900
336969
336688
336473
335511
335500
334747
333332
333322
333231
332538
332533
332335
332322
332299
332266
332232
332006
331974
331177
331000
329999
327946
325896
325498
325411
324200
323436
323435
323223
323213
323200
322535
322432
322310
322100
322002
322000
321980
321977
321970
321900
321741
321500
321420
320023
318888
317717
317300
317100
315000
314256
313854
313582
313177
313100
312900
312890
312425
312412
312124
312022
312019
312011
312003
312001
311974
311973
311411
311313
311312
311131
310013
304403
303369
303234
303202
302700
302534
302509
302401
302311
302145
302000
301972
301968
301429
298298
292900
292317
292129
292120
292033
292001
291965
291807
291600
291500
285700
284600
283128
282920
282903
282900
282899
282812
282707
282600
282508
282489
282428
282422
282418
282302
282195
282021
282017
281972
281971
281969
281914
281800
281721
281714
281713
281710
281628
281616
281614
281610
281521
281518
281402
278000
272904
272819
272801
272786
272712
272707
272700
272625
272314
272010
271960
271908
271810
271727
271714
271686
271533
271521
271510
271412
266666
265400
263100
263022
263014
263012
263011
262911
262901
262615
262610
262603
262501
262324
262005
262004
261999
261926
261606
261426
261417
261410
261406
261311
259800
259632
258912
258693
258565
258321
258300
258200
257890
257752
256969
256789
256398
256300
255525
255200
255025
255000
254565
254545
253913
253911
253613
253610
253416
253413
253411
253327
253323
253244
253229
253225
253220
253156
253087
253005
252933
252918
252909
252907
252899
252818
252813
252807
252803
252726
252718
252716
252713
252709
252704
252633
252619
252582
252430
252419
252403
252399
252331
252330
252318
252309
252306
252210
252207
252127
252119
252116
252115
252110
251972
251959
251944
251931
251928
251923
251908
251904
251888
251826
251821
251813
251807
251805
251710
251708
251688
251633
251628
251611
251588
251546
251533
251526
251516
251509
251502
251426
251401
251325
251310
251308
251306
249915
249600
249212
249060
248999
248824
248652
248268
246896
246815
246805
246000
245685
245336
245210
244444
244344
243779
243110
243026
242985
242924
242820
242730
242715
242712
242710
242708
242707
242700
242623
242610
242609
242422
242421
242407
242403
242277
242112
242100
242012
241969
241830
241827
241815
241810
241710
241706
241624
241619
241606
241577
241510
241390
241312
241305
238797
236985
236969
235626
235000
234987
234012
233715
233600
233445
233234
233185
233100
233019
233000
232915
232901
232821
232808
232711
232630
232625
232618
232614
232613
232612
232508
232502
232484
232418
232414
232405
232400
232319
232223
232201
232200
232126
232110
231965
231907
231822
231811
231808
231621
231601
231530
231526
231515
231510
231507
231506
231419
231412
231400
231311
230032
229966
229955
228844
228600
227777
227766
227522
226456
225678
225546
225199
224568
224468
224412
224226
224122
224000
223869
223211
223111
223108
223103
223096
223025
223006
223003
223000
222990
222929
222922
222915
222914
222824
222812
222789
222729
222719
222717
222631
222629
222628
222618
222568
222538
222533
222521
222501
222416
222317
222316
222310
222309
222219
222217
222215
222212
222200
222118
222012
221964
221890
221829
221819
221703
221700
221626
221616
221587
221503
221500
221418
221409
221333
220066
218812
217910
217529
217300
215666
215233
214666
214611
214521
214221
214121
214092
213666
213465
213323
213112
213111
213014
212919
212812
212747
212725
212718
212704
212605
212514
212508
212507
212500
212418
212317
212311
212305
212285
212267
212231
212217
212213
212199
212188
212178
212126
212115
212011
211911
211908
211900
211813
211713
211710
211707
211683
211625
211611
211511
211425
211416
211325
211312
211310
211305
211301
210013
208000
204655
204444
203400
203111
203102
203012
203005
202931
202920
202919
202802
202623
202619
202617
202607
202606
202546
202509
202480
202415
202321
202228
202208
202130
202112
202111
202102
202084
201977
201911
201813
201708
201614
201605
201527
201507
201502
201415
201375
201326
201325
201324
201308
200065
200011
199990
199929
199907
199902
199808
199777
199731
199699
199632
199589
199566
199563
199546
199482
199476
199466
199438
199397
199294
199284
199273
199258
199254
199244
199185
199184
199177
199152
199095
199085
199065
199064
199056
199053
199044
198974
198935
198891
198864
198862
198844
198794
198783
198775
198753
198743
198732
198682
198652
198596
198574
198563
198543
198542
198536
198494
198433
198377
198269
198231
198177
198169
198085
198055
198009
197997
197984
197981
197899
197881
197879
197755
197726
197724
197703
197701
197698
197678
197624
197623
197616
197607
197528
197525
197434
197427
197424
197404
197364
197335
197315
197313
197309
197304
197275
197233
197232
197230
197228
197224
197220
197210
197205
197203
197136
197106
197035
197033
197030
197013
196977
196939
196938
196912
196839
